### bzr hashcache v5
tests/data/reconstitute.xslt// 830eda0e3bb7206e5823803d65f370945e74ab75 1248 1189710931 1189710931 24151742 2054 33188
planet/reconstitute.py// 99ee62d193088f463843b4d2ac82241c49ee377e 11305 1189710931 1189710931 24151667 2054 33188
THANKS// 2255aa20047861d67783858be9b1d717acecb2e8 1454 1189710930 1189710931 24151597 2054 33188
filters/mememe.plugin// f4da6bdbb64448d671d085421a506f92e0031c76 16016 1189710931 1189710931 24151649 2054 33188
tests/data/expunge/test4b.entry// 5f8f79fc4e5e02e4f18d806b92c40d34de4ce978 428 1189710931 1189710931 24151774 2054 33188
tests/test_config.py// 650bf80fdcf64ad202fa45d4367ee4076cd95086 2039 1189710931 1189710931 24151723 2054 33188
planet/vendor/html5lib/serializer/xhtmlserializer.py// 2fa3e8e7113c4afa4db62c4fe1ef6c84fdfbe7d4 269 1189710931 1189710931 24151702 2054 33188
tests/data/config/ldf-card.foaf// 49cfb3fefb503e33b98a7dd4d49958b7c8237763 1355 1189710931 1189710931 24151759 2054 33188
tests/data/reconstitute/category_blank_term.xml// d6991a7562d19eb992d1c7ac9b2932581012c1a6 179 1189710931 1189710931 24151859 2054 33188
tests/data/filter/tmpl/id_only_link.xml// 2db129e337ba3160e769f7451536ecc22964f5b6 206 1189710931 1189710931 24151824 2054 33188
docs/installation.html// 40f985ddd208c88f9cb09c83c09bc5237f2b8db3 5593 1189710930 1189710931 24151618 2054 33188
filters/minhead.py// 85fbc12b01c70a3d6b3c57ffb6b43f600178777d 1057 1189710931 1189710931 24151650 2054 33188
tests/data/expunge/test4c.entry// 5ac9f46a4e90ca0bd7874ca90964de85dff5dd08 428 1189710931 1189710931 24151775 2054 33188
tests/data/filter/minhead.xml// e62d4c91b3e42924f986c5a4be5047506ded7e99 92 1189710931 1189710931 24151791 2054 33188
tests/data/spider/testfeed1a.atom// 8ccd6c07c3c4409919b7d188d80af381a50a635a 1473 1189710931 1189710931 24151922 2054 33188
planet/config.py// 729f0b7aac01d283f23c3531cb7e17735fef45b2 14404 1189710931 1189710931 24151661 2054 33188
.bzrignore// e6bad07f1a60b4313b800f88129d5ee435e5b2cd 34 1189710930 1189710931 24151593 2054 33188
tests/data/reconstitute/summary_html.xml// 73c636250d4c07b9fbc7c742993eac0a4647ea24 267 1189710931 1189710931 24151912 2054 33188
tests/data/filter/translate.xslt// d747fd06b5fe51e664d18784af4713e83a56dfef 542 1189710931 1189710931 24151797 2054 33188
planet/vendor/htmltmpl.py// 2d3e5821635a3aa4d3f0eac064139645f1ec694c 56541 1189710931 1189710931 24151680 2054 33188
planet/vendor/html5lib/tokenizer.py// eac0d2b3c15f6109f7d824f8216a01cf977d3721 43359 1189710931 1189710931 24151692 2054 33188
AUTHORS// 46d0efc5471d1f72fb726bc906fd8e58a0e1c0b5 207 1189710930 1189710931 24151594 2054 33188
themes/musings/personalize.js// d014f3df1f75f318b176e36afeb1f0e762c1542b 6488 1189710931 1189710931 24151977 2054 33188
tests/data/filter/tmpl/source_author.xml// 5aeedd23ad0395a58a5ffdc144c39e5351426f96 528 1189710931 1189710931 24151835 2054 33188
planet/vendor/html5lib/treebuilders/_base.py// d52d973012b0f444c3682731d95ca6d88c15d22e 12027 1189710931 1189710931 24151704 2054 33261
tests/data/expunge/test3c.entry// e3a30841934b6345896093e9f60448f47eae1526 429 1189710931 1189710931 24151772 2054 33188
tests/data/expunge/test3a.entry// 91881af7fc90d86ffb1fd4717fe6a8f0591eb4c4 429 1189710931 1189710931 24151770 2054 33188
themes/django/config.ini// e90b8df07eba24f46b49135dad36064c9a16a437 181 1189710931 1189710931 24151967 2054 33188
planet/shell/tmpl.py// b6c3259d626d3f17a583538e5ee5e8a115b23863 9511 1189710931 1189710931 24151677 2054 33188
tests/data/apply/config-mememe.ini// 2e3a30038483a36433640b0af3e3365516a7a0b0 493 1189710931 1189710931 24151748 2054 33188
tests/test_opml.py// 24eb76e7c726f1bb6efce99605c9b1f4638196e5 7299 1189710931 1189710931 24151734 2054 33188
filters/addsearch.xslt// e45f0b29233d525b8e5cd93c5e82bf49d6726d32 2314 1189710931 1189710931 24151643 2054 33188
tests/data/filter/tmpl/content_xhtml2.xml// 7032f8201d09f68524a87b0bd9fad2cf15e2bf8a 285 1189710931 1189710931 24151811 2054 33188
planet/vendor/html5lib/filters/whitespace.py// 8024964af172d167ba105dbe7c964e100cbf3264 1204 1189710931 1189710931 24151699 2054 33188
tests/data/filter/tmpl/source_title.xml// 57930d420ee3beaac5a0b71dde9f2233f29bde0b 491 1189710931 1189710931 24151844 2054 33188
tests/data/filter/regexp-sifter.ini// 93f6d088747a496cb2b62b00dc8c73c2ddced15c 20 1189710931 1189710931 24151792 2054 33188
tests/data/reconstitute/source_contributor.xml// caf6eb97f237d819f9912d0f747631083ccf40ff 221 1189710931 1189710931 24151900 2054 33188
tests/data/config/rubys-card.foaf// e849bf74652dc024551b5c41de38fb4299dfcc71 1285 1189710931 1189710931 24151764 2054 33188
tests/data/config/opml.xml// 03d5667704d2922fbc756017a38558669d9716e5 707 1189710931 1189710931 24151760 2054 33188
tests/data/reconstitute/author_noname.xml// 6f8e1cc308254c6fec8e49f5add73ca6b28fbcb4 213 1189710931 1189710931 24151857 2054 33188
README// 7cd89076b92c7e4a47e726e554a6d6eda9d94806 915 1189710930 1189710931 24151596 2054 33188
tests/data/reconstitute/source_link.xml// e801e965b7cf8b09f4d61af9531cb588d5a429ef 299 1189710931 1189710931 24151904 2054 33188
planet/csv_config.py// 2f7092f84273e5bab2f51f079d67d32f965d4115 806 1189710931 1189710931 24151662 2054 33261
docs/img/shadowAlpha.png// 818964e7b83dd41f22093aa73675ad37d182edd7 3403 1189710930 1189710931 24151623 2054 33188
planet/shell/__init__.py// b8a6ad68181e718cd66d4643fbaf9d8bfae264cd 2414 1189710931 1189710931 24151671 2054 33188
tests/data/filter/tmpl/id_only_description.xml// 84b0f912d49b9c323bf062e75c60d307e0682d20 243 1189710931 1189710931 24151823 2054 33188
tests/data/filter/excerpt-images2.ini// 6e3b3296af8529bdeca9a0c326b5382cf41021ab 39 1189710931 1189710931 24151786 2054 33188
examples/opml-top100.ini// 8ba1e889316f31a14f44f5756bc89dbddeaac4cb 1260 1189710930 1189710931 24151627 2054 33188
tests/data/expunge/test1.entry// e60e74fefe45c2a0afb2e98f38df8de10413bf56 307 1189710931 1189710931 24151768 2054 33188
tests/data/apply/config-filter.ini// a5578acf1137b793d3f8112f9c399933339520fb 417 1189710931 1189710931 24151745 2054 33188
themes/asf/index.html.xslt// 5d4475c802e99892caef1eed2451db1cfe3def85 10316 1189710931 1189710931 24151947 2054 33188
tests/data/filter/tmpl/source_link.xml// fa5e20ea2d6f694262aef5eee5c14a5fc9564346 436 1189710931 1189710931 24151838 2054 33188
tests/data/expunge/test4a.entry// 414af1740b5212336d26534b88ce02e40adc9672 428 1189710931 1189710931 24151773 2054 33188
tests/test_filter_django.py// 7b446819d2480d552f1bb0b984ecfba05e234771 1604 1189710931 1189710931 24151727 2054 33188
filters/delDupName/p_from.xslt// c6eaf98de982b4e807bb4360c8d6b49220aa0c23 569 1189710931 1189710931 24151656 2054 33188
tests/data/config/subconfig.ini// 8aca6bbc2fcf86f4ff912c30043cad8f02ce4969 53 1189710931 1189710931 24151765 2054 33188
tests/data/config/rlist.ini// 8efcf763f4d00197e63ed05c4033511f72f482e8 132 1189710931 1189710931 24151763 2054 33188
tests/data/reconstitute/summary_lang.xml// ac4db17668297422e99cce5811fedeb60c5d9bc8 202 1189710931 1189710931 24151913 2054 33188
themes/mobile/mobile.html.xslt// 45f5f9fb9592bdb443dacbdf1649d74c8e2c397f 6600 1189710931 1189710931 24151973 2054 33188
tests/data/splice/cache/sources/tests,data,spider,testfeed0.atom// 2d3fc50de3e33df3368991dceb424e620329fc75 506 1189710931 1189710931 24151941 2054 33188
themes/common/images/tcosm11.gif// ec3ae81bf343c9ec7dd460b8bf1dad6332a1a0a6 203 1189710931 1189710931 24151963 2054 33188
tests/data/splice/cache/sources/tests,data,spider,testfeed1b.atom// dfc40baf8d72159fc91119d90213549284a1481f 789 1189710931 1189710931 24151942 2054 33188
tests/test_filter_tmpl.py// 6c0a9844b7b4ff50125c82271aa43c51763db50f 2516 1189710931 1189710931 24151729 2054 33188
tests/data/reconstitute/source_subtitle.xml// 0cc26c3f31ef61a25b5d5d3743971c0251e51f93 189 1189710931 1189710931 24151908 2054 33188
tests/data/filter/tmpl/title_text.xml// f53ffa898d2092213a7bafa97d2099de8a7f9dfd 236 1189710931 1189710931 24151852 2054 33188
tests/data/filter/tmpl/feed_name.ini// 7d6a5099f75e7274cd6438720f97326dc2498411 85 1189710931 1189710931 24151818 2054 33188
tests/data/spider/testfeed4.atom// 5cea3cc1f9838a3a8ab581dcf31caaa5b1d1279b 1194 1189710931 1189710931 24151926 2054 33188
tests/data/reconstitute/author_uri.xml// 0a1714ca49e61ac365c052b6269229e636aabad7 243 1189710931 1189710931 24151858 2054 33188
tests/data/reconstitute/source_format.xml// b4f97fce19835b12fa3b9208ab41e95bed930881 136 1189710931 1189710931 24151901 2054 33188
examples/filters/guess-language/fr.data// 22ee94acf542a34cc85902ea2c73e74e21969c5d 96763 1189710931 1189710931 24151634 2054 33188
spider.py// 918fd6953ec0e586ec0f23f4b196f5471a05ed69 505 1189710930 1189710931 24151606 2054 33261
tests/data/filter/tmpl/enclosure_length.xml// d6bace93d07f1ddb8138be2bcbec6a0b8fd115c2 208 1189710931 1189710931 24151813 2054 33188
themes/common/atom.xml.xslt// ef7940947bc8a474eca8e6fcfc512d27c9d36fed 2621 1189710931 1189710931 24151952 2054 33188
tests/data/splice/cache/planet.intertwingly.net,2006,testfeed3,1// 4f6622ead696c4c242c35599d16f1997cdf1480b 1017 1189710931 1189710931 24151939 2054 33188
tests/data/splice/cache/planet.intertwingly.net,2006,testfeed1,2// e6e87968e6bcfea75c275fbba7798fe1a8923c12 1155 1189710931 1189710931 24151932 2054 33188
tests/data/splice/cache/planet.intertwingly.net,2006,testfeed1,1// 76fb8009fe148f7cef74a0926e5b44a45224cf5c 1078 1189710931 1189710931 24151931 2054 33188
tests/data/splice/cache/planet.intertwingly.net,2006,testfeed3,2// 0e13392a135e5975f422f91a5f69c0e6b0343852 1004 1189710931 1189710931 24151940 2054 33188
planet/foaf.py// d81f67436bbce95bae9308b865f7fe64f7ebaf02 6710 1189710931 1189710931 24151664 2054 33188
tests/data/filter/tmpl/author_email.xml// affeec94b1b9d6b25ecc8fadb7b3be8c8f918b10 280 1189710931 1189710931 24151804 2054 33188
tests/data/config/basic.csv// 01abba51f364bfbeb05f9ffbba2abc15fcdd05a3 41 1189710931 1189710931 24151753 2054 33188
tests/data/expunge/test5.entry// 43a9a4e0f01b4aa68a2a2860d0dcded51fecb68d 427 1189710931 1189710931 24151776 2054 33188
tests/data/reconstitute/rights.xml// 0a6643c437a13680cd8c5063ca1d8284caada6b1 190 1189710931 1189710931 24151893 2054 33188
themes/common/images/feed-icon-10x10.png// 5382dcdbcdbfe5693ff3426ac90df1e3343e6f81 469 1189710931 1189710931 24151958 2054 33188
themes/classic_fancy/config.ini// 45d678da1cb07957e4f73611d83444cfab1159b8 400 1189710931 1189710931 24151949 2054 33188
tests/data/reconstitute/author_name.xml// a56dd8a380e3e32460a5b1f1742bde061267ee34 211 1189710931 1189710931 24151856 2054 33188
tests/data/reconstitute/stack_overflow.xml// a6e69438c82782f0fbef77376d452e4dfa890b3b 13167 1189710931 1189710931 24151911 2054 33188
tests/data/reconstitute/category_term.xml// 1bb3ebf9b2f813a4fb300a2d9ce5b2263dc711bd 178 1189710931 1189710931 24151862 2054 33188
tests/data/filter/tmpl/title_html.xml// 474a773674e5bf28e0ea6b21018d75f8f3b57976 271 1189710931 1189710931 24151850 2054 33188
planet/spider.py// e53e0f58307ba649bbb6fbc6d3526b5e805ed727 17269 1190054405 1190054405 24151669 2054 33188
tests/data/reconstitute/contributor_email.xml// eda5701ad62974d8963033dd4c2b4a446edc7eac 247 1189710931 1189710931 24151870 2054 33188
tests/data/reconstitute/source_planet_id.xml// 787a8bdf53940016afe2ed811babe47b8c0a23f7 256 1189710931 1189710931 24151906 2054 33188
tests/data/reconstitute/source_author.xml// a94a53880885d899a5ab2d2405369972ad0e2082 204 1189710931 1189710931 24151897 2054 33188
filters/h1title.xslt// 5b97d515489bc9bbb16e6ec9bc54d9621c879061 897 1189710931 1189710931 24151647 2054 33188
tests/data/reconstitute/creativeCommons_license.xml// 2ca2b8c24070d0e016c4633e28fbcff93bb3010f 422 1189710931 1189710931 24151873 2054 33188
docs/config.html// 6b2778b012620167dd1eb7adf2caaf89938ae433 7884 1189710930 1189710931 24151610 2054 33188
filters/xhtml2html.plugin// d36acd8d59f21b545ee86cc08e717d3afeac32c5 700 1189710931 1189710931 24151652 2054 33188
tests/data/splice/cache/planet.intertwingly.net,2006,testfeed1,4// ccfcd25437ed4becb2d9f6fbc5f6ed204b725648 1062 1189710931 1189710931 24151934 2054 33188
tests/data/filter/category-two.xml// f764d55e85507e4bd4c40ec0f8586ff8e39b443e 78 1189710931 1189710931 24151782 2054 33188
LICENCE// 4c60e7456b3749a3f48ba814e54155e42d5c732b 11932 1189710930 1189710931 24151595 2054 33188
planet/vendor/html5lib/treewalkers/genshistream.py// 22f23d953c1632c52bf303a0381b7723d9dd5570 2247 1189710931 1189710931 24151713 2054 33188
tests/data/reconstitute/category_scheme.xml// b38eecf5796836df8f9456fa4943707bfd7f31e8 241 1189710931 1189710931 24151861 2054 33188
tests/test_splice.py// ff800b658e8d574d21c2db37ffb51bfafe5bda31 1324 1189710931 1189710931 24151739 2054 33188
tests/data/filter/tmpl/link_rel.xml// 4e0907dffa026ed1f9f4ec3d5d973ac84f76eb06 212 1189710931 1189710931 24151827 2054 33188
planet/vendor/feedparser.py// 83d1933ed8840e0dc870bce4f6d5cafd8350afc7 168264 1189710931 1189710931 24151679 2054 33261
filters/html2xhtml.plugin// 56b62c348d50704f1eddef012fdaf9591bfb60f9 199 1189710931 1189710931 24151648 2054 33188
tests/data/filter/tmpl/id_only_title.xml// 28809bb5b72b347dd43cecabcb9690b82e697512 250 1189710931 1189710931 24151825 2054 33188
filters/addsearch.genshi// ca44182c58c33168cd37d5ce058f7387d9e171f6 916 1189710931 1189710931 24151642 2054 33188
tests/data/filter/tmpl/title_lang.xml// 8b881cda37bf4dfd110466ff3a54c029e967fb08 267 1189710931 1189710931 24151851 2054 33188
planet/vendor/html5lib/treewalkers/soup.py// 6b270fdda821982d08e2e972c4f724b922f62a5f 1122 1189710931 1189710931 24151716 2054 33188
tests/data/reconstitute/content_xhtml.xml// c64cfb9364c24ca5dc7c32c2d75ac9a6dd1cfc2d 287 1189710931 1189710931 24151869 2054 33188
tests/data/reconstitute/cc_license.xml// ebc0333b24e99f9c4149ce4ba98316c430bc53fe 418 1189710931 1189710931 24151863 2054 33188
themes/asf/personalize.js// 935bcbcae3807f90e729ceeb13a2b762abf7605c 9449 1189710931 1189710931 24151948 2054 33188
tests/data/filter/django/title.html.dj// 3d9b6509300314967efd4fbf14eee109f0aaa430 52 1189710931 1189710931 24151803 2054 33188
tests/data/reconstitute/content_lang.xml// e4ab6fc0b0c96d3faac1250083b70ad05e185170 198 1189710931 1189710931 24151866 2054 33188
planet/vendor/html5lib/treewalkers/_base.py// 6cc507d2af3d41a807b2de6dbc171f96c9ed7f69 5103 1189710931 1189710931 24151710 2054 33188
tests/data/filter/stripAd-yahoo.ini// 35e1d3a53d8a18a091a38ba311c309375c82c85b 37 1189710931 1189710931 24151794 2054 33188
tests/data/filter/tmpl/summary_text.xml// 2f30fa6a770bcd002970fb5644f3b8d04a74a41a 206 1189710931 1189710931 24151848 2054 33188
examples/images/keybuk.png// aeade425673e7c0ff9fa458c23e4ce963595969c 8496 1189710931 1189710931 24151640 2054 33188
tests/data/filter/tmpl/updated.xml// cf76b64465e2f05b986ddf66f64f8fc7fcb9d398 391 1189710931 1189710931 24151854 2054 33188
docs/index.html// b464e864f60ea4cfddff385ecb0d2536d0a9f7d6 1783 1189710930 1189710931 24151617 2054 33188
tests/data/filter/tmpl/source_subtitle.xml// b82a0777513472e8f00903bcd7859a8df78b37dd 413 1189710931 1189710931 24151843 2054 33188
planet/shell/plugin.py// ca85287744b8063d81759fadce50beee469cf358 1977 1189710931 1189710931 24151674 2054 33188
tests/data/filter/tmpl/new_channel.xml// d632ecdbdaa198592c0c06fe60306d0a14e8cadc 861 1189710931 1189710931 24151829 2054 33188
tests/data/expunge/test3b.entry// 8bec844e729e55b22f507248c5441658b9858ed4 429 1189710931 1189710931 24151771 2054 33188
themes/musings/default.css// c1a7f92866a0a99caf2037658c61fd150d1d1d07 6044 1189710931 1189710931 24151975 2054 33188
planet/opml.py// 1b2e2de0a1e6e83ede71d66e67449dee5aff5612 6095 1189710931 1189710931 24151666 2054 33261
tests/test_docs.py// 0f4ed3054c26e6f1e629dea977308992ebbc24d7 508 1189710931 1189710931 24151725 2054 33188
themes/common/rss10.xml.tmpl// 41208b523b1178e7fd5a47776c68e7d8b06a5583 1128 1189710931 1189710931 24151955 2054 33188
planet/vendor/html5lib/treewalkers/simpletree.py// 5b18dbadfe4c74c21025f349e12043724e9ddf67 2393 1189710931 1189710931 24151715 2054 33188
tests/data/reconstitute/content_illegal_char.xml// 0e4d26fb6c1cde5ab91c9fb06c5f9ade1fb7a911 230 1189710931 1189710931 24151865 2054 33188
planet/splice.py// 1edb444567d012d8da3b9cf367c5c8edff1d0b22 6340 1189710931 1189710931 24151670 2054 33188
filters/xpath_sifter.py// bfa90d32ae002867f363d6c920b7d509d36210d4 673 1189710931 1189710931 24151653 2054 33188
planet/vendor/httplib2/__init__.py// d70e227fc28af3c154f577eba2e03f44f4f686e1 39031 1189710931 1189710931 24151717 2054 33188
tests/data/filter/tmpl/content_lang.xml// 10f99158df08d273c28f527022eca7eb73fd80e7 240 1189710931 1189710931 24151808 2054 33188
themes/classic_fancy/planet.css// 942d83cad56d58d9f1c4c260bb9e71c664ccd16b 2049 1189710931 1189710931 24151951 2054 33188
tests/data/filter/stripAd-yahoo.xml// 1564b0e7c290c3074926aedea0b58047b4e3838a 206 1189710931 1189710931 24151795 2054 33188
tests/test_subconfig.py// ae08ad6bc1a45969a63831bd9a5a95c716261081 207 1189710931 1189710931 24151740 2054 33188
themes/asf/default.css// 20335683b09f7b71a48a0544759086d2311dd215 7440 1189710931 1189710931 24151946 2054 33188
planet/vendor/html5lib/treebuilders/dom.py// 0746e20520b3c514356942a90c14a68fda6e1384 7389 1189710931 1189710931 24151705 2054 33188
tests/data/filter/excerpt-images.xml// 78eaf54f30c522cf00d9285c9649ed075b98408f 254 1189710931 1189710931 24151785 2054 33188
tests/data/filter/tmpl/summary_html.xml// b912f1587af7e11fa4f5ef7bb88fdf0ae5ca3a54 231 1189710931 1189710931 24151846 2054 33188
tests/data/reconstitute/id_only_link.xml// 2a3dd819b2cb84ba70254878b62605b9759edf68 192 1189710931 1189710931 24151881 2054 33188
tests/data/reconstitute/source_logo.xml// ec8900cb28770594c49a46e1c78bf64c8f96593f 209 1189710931 1189710931 24151905 2054 33188
filters/delDupName/p_by_name.xslt// e6b376897bbb085de37b60c7b7ba30eb42ed76bc 597 1189710931 1189710931 24151655 2054 33188
themes/common/images/opml.png// d5c62c617556c375598dd2b737dcf353d52bfc3a 804 1189710931 1189710931 24151961 2054 33188
examples/images/thom.png// eede5f213284b0783dd033c3ff5c6521905f4975 7257 1189710931 1189710931 24151641 2054 33188
examples/images/jdub.png// 90a80ffbf53621bcbaaca7f350d3aedf426aac7c 9814 1189710931 1189710931 24151639 2054 33188
planet/shell/xslt.py// 92a8b1bed53f0615551ac0fb8462a52853b93134 2397 1189710931 1189710931 24151678 2054 33188
tests/data/reconstitute/updated.xml// 67e18ea4aaed17c788fd1af5d8e612121a57d8ab 268 1189710931 1189710931 24151920 2054 33188
planet.py// da99cc236e5c809cdbb86f75103b5ed29004b1a3 2067 1189710930 1189710931 24151604 2054 33261
splice.py// fb7530f3b4168fe028ebd61da1e37bd2fe7d45a0 423 1189710930 1189710931 24151607 2054 33261
tests/data/filter/tmpl/link_type.xml// 4e0907dffa026ed1f9f4ec3d5d973ac84f76eb06 212 1189710931 1189710931 24151828 2054 33188
filters/coral_cdn_filter.py// c2d2980da763e90290a55983eed9eb0fc50e01fa 610 1189710931 1189710931 24151644 2054 33188
docs/venus.svg// 8565d10618695613cc31de303fe4f351f40be9ab 4420 1189710930 1189710931 24151622 2054 33188
docs/migration.html// 82d0a99b99b3565f0dcf2ebf905b7a75ad818019 1697 1189710930 1189710931 24151619 2054 33188
planet/vendor/html5lib/treewalkers/__init__.py// a49a2741193279cc11796f42c7fe41fd4b36c037 2416 1189710931 1189710931 24151709 2054 33188
planet/vendor/html5lib/liberalxmlparser.py// bb421872d953600182d8b9d8052bdc8b3588e872 5591 1189710931 1189710931 24151690 2054 33188
tests/data/filter/category-one.xml// 54e344e07db1ebceb0c0b0a2eee6ee075190def4 78 1189710931 1189710931 24151781 2054 33188
themes/musings/index.html.xslt// ba411eb6a3001fd7c94790847bdcb2b4c5b0cc01 9016 1189710931 1189710931 24151976 2054 33188
tests/data/reconstitute/summary_text.xml// a4a4641fec63e5654004262080c9246e87e27f75 203 1189710931 1189710931 24151914 2054 33188
planet/vendor/html5lib/treebuilders/__init__.py// d2e652cb5ed922db7c99a026a86e5bc85ef6d405 3044 1189710931 1189710931 24151703 2054 33261
planet/vendor/httplib2/iri2uri.py// c26adb9cac87711a5ac78ed5a0261f6ec4c95a5f 3850 1189710931 1189710931 24151718 2054 33188
tests/data/reconstitute/link_href.xml// 8c63b1952f53f452ad3f388a749caafbbe4fc777 209 1189710931 1189710931 24151883 2054 33188
tests/data/reconstitute/title_xhtml.xml// f9ff0c834be3253d8b3422f8efb33af041c24786 283 1189710931 1189710931 24151919 2054 33188
themes/common/opml.xml.xslt// f1e2a63137e06cd78ff2ab32e7d79d98fe64a573 1664 1189710931 1189710931 24151954 2054 33188
planet/vendor/html5lib/serializer/htmlserializer.py// 0b0fa5e185184b4d88bd82487014fe327af08ea7 8488 1189710931 1189710931 24151701 2054 33188
tests/data/filter/coral_cdn.xml// 75e69ee7255eaf2d37959e1dc39f5d5008b7e815 425 1189710931 1189710931 24151783 2054 33188
tests/test_idindex.py// 52ad90f80cfaeeb6241386c105f486042ca1dcec 2646 1189710931 1189710931 24151733 2054 33188
tests/data/splice/cache/planet.intertwingly.net,2006,testfeed1,3// c5e469b76843f6f1532c92e2bc1ac0336362a69f 1064 1189710931 1189710931 24151933 2054 33188
planet/vendor/html5lib/treewalkers/dom.py// 0b9040f1637188663f719c4c52c4f1cd2a6436b2 1079 1189710931 1189710931 24151711 2054 33188
themes/musings/config.ini// 803184047adef882d9afe196886b0568fb26d0d4 291 1189710931 1189710931 24151974 2054 33188
tests/data/filter/tmpl/enclosure_href.xml// a92d4121b45adb47f48db00132b321b37506ee30 254 1189710931 1189710931 24151812 2054 33188
filters/stripAd/google_ad_map.sed// d77c7c1acf875c6b7764d935a648c408a0ca642d 38 1189710931 1189710931 24151658 2054 33188
planet/idindex.py// 3c81edae270f330bafcbbf0ade3eaede3296cc9b 3113 1189710931 1189710931 24151665 2054 33188
tests/data/filter/tmpl/feed_link.ini// 762a1d2fda1180f6222d721a34c3512f2e921e64 117 1189710931 1189710931 24151817 2054 33188
tests/data/filter/translate.ini// 86fd51899a61b918f6d037ae01f94dc5d2681161 114 1189710931 1189710931 24151796 2054 33188
tests/data/reconstitute/source_icon.xml// f4ae8d601d23d26ea4c284e536908826101cd0f0 215 1189710931 1189710931 24151902 2054 33188
tests/data/expunge/testfeed2.atom// 6559407664e0562a156db2f99fbcb98c32558ad1 246 1189710931 1189710931 24151778 2054 33188
tests/data/spider/testfeed2.atom// 80e7854e2773317097caf26e17ca437b2cf26f55 1540 1189710931 1189710931 24151924 2054 33188
tests/test_filter_xslt.py// 0e95775013da4525e9fe4f46258025c58dc2c5cd 1722 1189710931 1189710931 24151730 2054 33188
tests/data/config/eliast.foaf// 1d1c67e9f7400ef6eb4e902027d57543f1310b02 2128 1189710931 1189710931 24151755 2054 33188
planet/vendor/html5lib/utils.py// c48582c2545bedbcc60915f96ff3890ef3a7af4e 1218 1189710931 1189710931 24151693 2054 33188
tests/data/filter/tmpl/source_planet_name.xml// fd4738ff824f71e3e62f9e1e88497686d06c921c 364 1189710931 1189710931 24151841 2054 33188
tests/data/apply/config-asf.ini// 122b2f2c41202b50c594c6a63fa8a362c08f80fe 315 1189710931 1189710931 24151743 2054 33188
tests/data/filter/tmpl/title_xhtml.xml// 5044cf60a0cd468d791821cb1e92c2fe8580552a 330 1189710931 1189710931 24151853 2054 33188
themes/django/index.html.dj// b864dde38731d536bbca86393045d23d1a23f407 1102 1189710931 1189710931 24151968 2054 33188
filters/stripAd/feedburner.sed// b9fa91c213cba246a41a6097faf580db08805f1d 161 1189710931 1189710931 24151657 2054 33188
filters/regexp_sifter.py// a23953c1ea4ae303beacc9e68b6b30e4304ebc52 1441 1189710931 1189710931 24151651 2054 33188
tests/data/filter/xpath-sifter.ini// 998bf84bd819201f0f24746edfc1ffef70509e94 94 1189710931 1189710931 24151798 2054 33188
themes/asf/config.ini// 10ee18d9b0c5c9b6492b623a55e6945853166cfa 438 1189710931 1189710931 24151945 2054 33188
tests/data/splice/cache/planet.intertwingly.net,2006,testfeed2,4// 25ebb376e19b2491f96f656799765e1b3bc49e62 1061 1189710931 1189710931 24151938 2054 33188
planet/vendor/timeoutsocket.py// c27df13372a761bbc4799775943bc301d4359440 12681 1189710931 1189710931 24151682 2054 33188
planet/vendor/html5lib/treebuilders/soup.py// e244f0a4698b4ff4beaf5e0908548326cb1ee3d9 5382 1189710931 1189710931 24151708 2054 33188
tests/data/splice/cache/planet.intertwingly.net,2006,testfeed2,1// 50782ea652ca3af3df61f8e2bd0111e7909e7d30 1111 1189710931 1189710931 24151935 2054 33188
tests/data/splice/cache/planet.intertwingly.net,2006,testfeed2,2// ff8bd194919323e4320c505d23cca8ca2febbbba 1098 1189710931 1189710931 24151936 2054 33188
tests/data/splice/cache/planet.intertwingly.net,2006,testfeed2,3// 7a7bbbbce70fd25e8d8b98f42aff0c058d76ce08 1080 1189710931 1189710931 24151937 2054 33188
tests/data/expunge/testfeed1.atom// f7ebe6817dd3e410377554975b317cf8de60daa7 246 1189710931 1189710931 24151777 2054 33188
examples/filters/guess-language/README// d4f3296a00f8b262bca287fac4c8fddd5327cb9a 1416 1189710930 1189710931 24151632 2054 33188
tests/test_expunge.py// 6a45a3af27200636a708512f92edf3d191de15b6 3154 1189710931 1189710931 24151726 2054 33188
tests/data/expunge/config.ini// 3e80a0867d971c08ed9cc05e8a7e4c2af62d3036 490 1189710931 1189710931 24151767 2054 33188
tests/data/apply/rebase.py// 5fa5238075e5cb9a1ab432875029a92dba10d493 645 1189710931 1189710931 24151750 2054 33188
tests/data/splice/cache/sources/tests,data,spider,testfeed2.atom// 3066bedfad46e2bcbf2452dae77ac6d74f44a6e1 788 1189710931 1189710931 24151943 2054 33188
planet/vendor/html5lib/treewalkers/etree.py// e343afdbe60af42232d4f7cc3c2b5c43cf802e0a 3857 1189710931 1189710931 24151712 2054 33188
themes/common/images/venus.ico// 0b18986823dd8bc280bd027f81fee517659e4eec 894 1189710931 1189710931 24151964 2054 33188
tests/data/reconstitute/rss_image.xml// d95aa6b6aff19aa96a9f06e12d44995c3d7d37ac 211 1189710931 1189710931 24151894 2054 33188
themes/genshi_fancy/config.ini// 76c2e954898ce974a957a6124d6e8cc9bd3f1e4e 353 1189710931 1189710931 24151969 2054 33188
planet/vendor/html5lib/filters/inject_meta_charset.py// 437c6ce79b7de6b7a9aede52b64d24a40ebe8608 2669 1189710931 1189710931 24151696 2054 33188
filters/delDupName/byline_author.xslt// f462a0afb1be18a007bb4009f68207af934f3e34 1289 1189710931 1189710931 24151654 2054 33188
tests/__init__.py// da39a3ee5e6b4b0d3255bfef95601890afd80709 0 1189710931 1189710931 24151719 2054 33188
tests/data/reconstitute/empty_title.xml// 65b8810de620d33235e559f6e213658a4d459ba1 159 1189710931 1189710931 24151875 2054 33188
tests/data/filter/tmpl/content_html.xml// ca849a2a7e7d0f623cb9c4da7e1af9aa7ecf27eb 231 1189710931 1189710931 24151807 2054 33188
tests/data/splice/cache/example.com,4// 45c6ffbd93e27c2a0252982f4012ac745b7b49b1 977 1189710931 1189710931 24151930 2054 33188
tests/data/config/themed.ini// 49d4bfe00ae80cce822c841c7013a8aecdb7e2bc 184 1189710931 1189710931 24151766 2054 33188
tests/data/splice/cache/example.com,3// 85a8115f4b7d032b545a9ffbde45f0c3ae921c46 979 1189710931 1189710931 24151929 2054 33188
tests/data/filter/tmpl/content_text.xml// a3e47ec6ffd8f13cfff3dd22bd22c1a0ca2208b1 206 1189710931 1189710931 24151809 2054 33188
tests/data/spider/threaded.ini// 7c44eb0e5c7a65be58cd7eca4c9259c3a0beb09c 444 1189710931 1189710931 24151927 2054 33188
tests/data/reconstitute/title_lang.xml// e382f702fe5550329e7af5ea46dff02f80a68f1f 194 1189710931 1189710931 24151917 2054 33188
runtests.py// 5bb3dcbbd24cc436b9fe6e97af1262edec3187f7 1444 1189710930 1189710931 24151605 2054 33261
tests/test_filter_genshi.py// b9258c0cbf8c92e29ca830d1a08e2e28647171ec 853 1189710931 1189710931 24151728 2054 33188
filters/detitle.xslt// 485a99bdb6580f8f450691ba116998bef8afed21 918 1189710931 1189710931 24151645 2054 33188
planet/shell/sed.py// 7d7b2c70152b9f4f96fa7b988f533b652148104f 434 1189710931 1189710931 24151676 2054 33188
planet/vendor/html5lib/html5parser.py// 2e9abcaf1c6104d083cc5ffed47e51512ab20253 81636 1189710931 1189710931 24151688 2054 33188
tests/data/reconstitute/content_tag_soup.xml// ac529f663da11ec567c26ee8090a1bcdde225bf4 286 1189710931 1189710931 24151867 2054 33188
tests/data/filter/tmpl/author_uri.xml// 46b8200258218607f5bcfd243ebc43f3d7672810 247 1189710931 1189710931 24151806 2054 33188
examples/filters/guess-language/en.data// 2855f2753f1981a6b20ff7175ba1a7f68425c7a6 64557 1189710930 1189710931 24151633 2054 33188
tests/data/filter/tmpl/source_icon.xml// 123cad691f8d1f93357ce6b5c84f43f74f12b597 469 1189710931 1189710931 24151836 2054 33188
tests/test_scrub.py// 162b66c1b8656ef73262aaf21bb832c96c2877e2 4464 1189710931 1189710931 24151737 2054 33188
tests/data/filter/minhead.ini// b611051ac9b436b7f82201682b960d5e79112a0b 65 1189710931 1189710931 24151790 2054 33188
docs/etiquette.html// 5fb3bd9996749d5636dfa445a6221529c2fecb90 2451 1189710930 1189710931 24151614 2054 33188
themes/classic_fancy/index.html.tmpl// ad430da753d91c9e613bb3f15c11eb8406fa6bc9 4434 1189710931 1189710931 24151950 2054 33188
tests/data/filter/tmpl/id.xml// de058e8012722e9762010790ef35dac240476cae 189 1189710931 1189710931 24151821 2054 33188
tests/data/config/foaf-deep.ini// 6e8bd00ad25eb1cfc0a7955e1d7ac7a4b3da0224 324 1189710931 1189710931 24151756 2054 33188
planet/vendor/html5lib/constants.py// 719d4c1f341fc69be3f6dfeb1cf1239da365ba13 17520 1189710931 1189710931 24151687 2054 33188
filters/excerpt.py// fdc66b0a1a0f34a083d856c53ad303e4914ccf18 4116 1189710931 1189710931 24151646 2054 33188
tests/data/reconstitute/source_category.xml// dcbfa0fa879ce8c027f220d385911ab82067a66a 374 1189710931 1189710931 24151899 2054 33188
tests/test_foaf.py// 30b155a086ea687d92e25c5dcf3b381d6a99fcbd 4444 1189710931 1189710931 24151732 2054 33188
themes/common/foafroll.xml.xslt// ab74e3e2f0e10dd30cda1a7bf9fab0bf19526dfe 1474 1189710931 1189710931 24151953 2054 33188
tests/data/filter/excerpt-lorem-ipsum.xml// 1be7cbf2a9fbef49b0a89647c86a3b4db4599f25 1219 1189710931 1189710931 24151788 2054 33188
themes/common/images/venus.png// 264b8c65551778590b202ce41e7022759af4784f 570 1189710931 1189710931 24151965 2054 33188
tests/data/reconstitute/id_only_description.xml// 047c6731c4cd853b6a7a849961ea5a48a7b82648 267 1189710931 1189710931 24151880 2054 33188
planet/vendor/compat_logging/config.py// 96b96f94bef2a26833e1cb84f76dd0adedc46b62 11850 1189710931 1189710931 24151684 2054 33188
tests/data/apply/config-fancy.ini// 825b117883c86cac3fc67461882c0b30fad0ed12 378 1189710931 1189710931 24151744 2054 33188
tests/data/filter/tmpl/source_updated.xml// 111d321d133db18957b5cb16c368017c838abbaa 670 1189710931 1189710931 24151845 2054 33188
tests/data/reconstitute/feedburner_origlink.xml// 6f47b08dbcbd3d458b7a8690d0a78fb845504840 322 1189710931 1189710931 24151877 2054 33188
tests/data/spider/testfeed1b.atom// cee46390c7e489131ca13707fa430f15c8fb8689 1525 1189710931 1189710931 24151923 2054 33188
docs/normalization.html// 2e831dc27242842cbb22316c6978a0d015278209 7155 1189710930 1189710931 24151620 2054 33188
planet/shell/dj.py// 0c44309528e56f8777b14f77075a6266fb1f65a2 1590 1189710931 1189710931 24151673 2054 33188
docs/filters.html// 35431dc791958dec65448ab03c8301feb65a0455 5174 1189710930 1189710931 24151615 2054 33188
tests/data/reconstitute/link_length.xml// 3d4727793758da234eee3dc5017bc30eeda4f3e9 239 1189710931 1189710931 24151884 2054 33188
tests/test_apply.py// 84c7b710c15022a6794f5ad0c2e6aff7bd9b68ad 4534 1189710931 1189710931 24151722 2054 33188
themes/genshi_fancy/index.html.genshi// 260fae2f02ac3309903e475dfc774383030232eb 3377 1189710931 1189710931 24151970 2054 33188
tests/capture.py// d40fda6eb959176588d5a2d6d669ea6d30f633bf 1608 1189710931 1189710931 24151720 2054 33261
expunge.py// d0477293c9c07a7c7cc67013b2cf21b7e48098ec 385 1189710930 1189710931 24151601 2054 33188
themes/common/images/planet.png// 1e4757402da3af2ad98ad6747dd95bb9e9577da7 426 1189710931 1189710931 24151962 2054 33188
docs/docs.css// d0b4d46c0f0de74b4969d5b969b65e9e9642d827 1671 1189710930 1189710931 24151612 2054 33188
planet/vendor/compat_logging/__init__.py// 82d81ceb007719677a5018287a8ca94600daa381 39889 1189710931 1189710931 24151683 2054 33188
tests/data/filter/tmpl/author_name.xml// 9e91034a9e1a8df94fdd16188b33ff313612909c 253 1189710931 1189710931 24151805 2054 33188
tests/test_reconstitute.py// 2add9e5979baef357ad14e7cb912c70b3484e0f0 1691 1189710931 1189710931 24151735 2054 33188
tests/data/reconstitute/rss_lang.xml// cebc105b1569b70c60b4de74123069ffce6ecd8c 215 1189710931 1189710931 24151895 2054 33188
examples/filters/guess-language/learn-language.py// 0bb8ca988f68e3268b7359fc75fbce3954cc888c 481 1189710931 1189710931 24151636 2054 33261
tests/data/reconstitute/category_label.xml// a5f3237a892c9a6cba7b4bc559d12b8d9af853cb 190 1189710931 1189710931 24151860 2054 33188
themes/django/bland.css// 417d487c01bd4a77add5e8fe50acd860b1ae8842 521 1189710931 1189710931 24151966 2054 33188
tests/data/reconstitute/id_only_content.xml// 71058d142fd41d9f21aad824bd760b926aef3efd 316 1189710931 1189710931 24151879 2054 33188
tests/data/reconstitute/published.xml// dadd247b13faebb68028158f4e43cd5d1872f9e6 276 1189710931 1189710931 24151892 2054 33188
tests/data/filter/xpath-sifter2.ini// f4e72ce8d982041118bb876a7a26fdba4ee55a92 86 1189710931 1189710931 24151799 2054 33188
tests/data/apply/config-genshi.ini// 1d22e7a72d4247ba9de71407da708dbe4a50bcce 377 1189710931 1189710931 24151746 2054 33188
tests/test_filters.py// 372f471283734e0efd5557b51b017b5c391aa8df 6816 1189710931 1189710931 24151731 2054 33188
tests/data/reconstitute/content_html.xml// 7d13776689af653e272d8f353717deb8f35b9e4c 259 1189710931 1189710931 24151864 2054 33188
tests/data/filter/tmpl/published.xml// 7349fde605094eba0b684c6f640e3a92cb7d6dc9 403 1189710931 1189710931 24151833 2054 33188
tests/data/filter/tmpl/source_id.xml// a53ae058d78e2424a0086166bf0347200434eb4b 395 1189710931 1189710931 24151837 2054 33188
examples/filters/guess-language/guess-language.py// 79145acc30aadb678b59c19e96b9cb4ee8665b1a 1409 1189710931 1189710931 24151635 2054 33188
docs/docs.js// b8edc507ccc1d8ce2647226f71a7df336df79d36 2120 1189710930 1189710931 24151613 2054 33188
tests/data/filter/tmpl/summary_lang.xml// 4d56b7b6f8b0b10c25f9ac6131d179a1287fbace 240 1189710931 1189710931 24151847 2054 33188
tests/data/reconstitute/rss_source.xml// 9515c490df61e206b9ffba8e1bc94c9e70674538 271 1189710931 1189710931 24151896 2054 33188
docs/contributing.html// 9882316b96f9ba6ae8c5e11d97e10e17978b068c 3192 1189710930 1189710931 24151611 2054 33188
tests/data/reconstitute/enclosure.xml// 0ba2c5cfc289e4ffa1b6c12b5da91141ed2f65bd 218 1189710931 1189710931 24151876 2054 33188
planet/vendor/html5lib/treewalkers/pulldom.py// 14ad9f01bed8d57fbf5a15e2baf73993f263469a 1837 1189710931 1189710931 24151714 2054 33188
themes/common/rss20.xml.tmpl// 0638777721b6c0f6d02b92d9bfd6dc1c8634f83b 1182 1190053986 1190053986 24151956 2054 33188
tests/data/reconstitute/title_html.xml// 8785533252787fb8ef343f0fd321031f6252f37b 257 1189710931 1189710931 24151916 2054 33188
tests/data/spider/testfeed3.rss// 4bd64837eb5b22166bc7883e7b0091eff3f4e1a6 1062 1189710931 1189710931 24151925 2054 33188
tests/test_rlists.py// 555b5f7c8317deee4f0a6d2129fc3cd8708b8e98 1477 1189710931 1189710931 24151736 2054 33188
tests/data/filter/tmpl/feed_owner_name.ini// a7bbb91dc7e4cb0dc609aab5e5dfd7a0e30569c0 83 1189710931 1189710931 24151820 2054 33188
tests/data/apply/config-html.ini// 43f42115760b7a23b621b9d7d152c5d57da3d168 467 1189710931 1189710931 24151747 2054 33188
tests/data/splice/config.ini// 0ef462ae00ca3ff2fb5af2f75f83639dbefe9325 266 1189710931 1189710931 24151928 2054 33188
tests/data/filter/tmpl/source_logo.xml// 06de38adee985f49971fa40360c4d2c8bd74fc02 457 1189710931 1189710931 24151839 2054 33188
tests/data/reconstitute/source_rights.xml// 9dd834bee543d8ab31cefe7f021cf60544bf31b9 192 1189710931 1189710931 24151907 2054 33188
planet/expunge.py// db75e1d9577da171242b4061dc79cf8c3a795251 2613 1189710931 1189710931 24151663 2054 33188
examples/filters/categories/categories.xslt// aca1e1e25ddea9d1aeb6b8220fa9a40088b11fd0 3480 1189710930 1189710931 24151631 2054 33188
planet/shell/_genshi.py// 9194f2adb0caa4c95cf6975e02b3e946e0da8432 4934 1189710931 1189710931 24151672 2054 33188
tests/data/reconstitute/author_email.xml// 7e6547d393308f6a3f3a249baaf62895e9a8e59e 230 1189710931 1189710931 24151855 2054 33188
planet/vendor/html5lib/treebuilders/etree.py// 13026bbb81949f505630295f6a1fa346f1a536d9 9582 1189710931 1189710931 24151706 2054 33261
tests/reconstitute.py// 3d474d005987ad820ee2c35aa419c77b4a0cd5ce 3033 1189710931 1189710931 24151721 2054 33188
tests/data/filter/tmpl/enclosure_type.xml// f2df74e220e0ef41d02456f692e0932c240a1f1e 218 1189710931 1189710931 24151814 2054 33188
planet/vendor/html5lib/__init__.py// 7623252da8e98a4cd29d513b93c20b830606361e 448 1189710931 1189710931 24151686 2054 33188
tests/data/filter/tmpl/summary_xhtml.xml// 96c1f26ef422687e6e19c101718b4689012d8180 290 1189710931 1189710931 24151849 2054 33188
tests/data/reconstitute/summary_xhtml.xml// 901ca5b491ad82b8ffeadaad944ea738343d1548 291 1189710931 1189710931 24151915 2054 33188
tests/data/config/rlist-config.ini// ae02992057ac07471ca5e3c769107a38a51f7ec1 152 1189710931 1189710931 24151761 2054 33188
tests/data/reconstitute/title_text.xml// e2dde06398cbba16480f853cbabe5ac6d70235ba 195 1189710931 1189710931 24151918 2054 33188
tests/data/expunge/test2.entry// 7c43e88332a709176054aacad3987bbe80ea1813 368 1189710931 1189710931 24151769 2054 33188
tests/data/splice/cache/sources/tests,data,spider,testfeed3.rss// e8b012cc38ccaf64eb414e96320e45e3d22d4052 728 1189710931 1189710931 24151944 2054 33188
planet/scrub.py// 50954ef44fbbbc801056fb81d340668f7f073e63 5578 1189710931 1189710931 24151668 2054 33188
tests/data/filter/tmpl/source_planet_message.xml// 2a8f37fc510da71ed862560060b2577844365ebc 387 1189710931 1189710931 24151840 2054 33188
TODO// adc3fc1f2d0ddf63beb5ef46b2e12a4040b65319 170 1189710930 1189710931 24151598 2054 33188
tests/data/filter/tmpl/feed_generator.ini// f0f5272596ec30ef3f22d2e144c2145a4f650084 131 1189710931 1189710931 24151816 2054 33188
tests/data/expunge/testfeed3.atom// 6393c614c07be5c29f01e5231d25d40c1d5f82ef 246 1189710931 1189710931 24151779 2054 33188
planet/vendor/html5lib/treebuilders/simpletree.py// 66ab3511ed9d8ce2d1fc8bad6c4aa1013dcb33e4 5957 1189710931 1189710931 24151707 2054 33261
tests/data/filter/tmpl/content_xhtml.xml// 67d8962b6b947f27f436e0568182068e62db954c 290 1189710931 1189710931 24151810 2054 33188
tests/data/reconstitute/source_title.xml// f7d8315bf8aafb8a3a8cf43d57cb130374cce33d 175 1189710931 1189710931 24151909 2054 33188
planet/vendor/html5lib/sanitizer.py// 70e5d6b5b091d5c7d43a85bd87148ffa31096b31 11387 1189710931 1189710931 24151691 2054 33188
examples/planet-schmanet.ini// d9039fa6b19e52e551ef3c6848b124207fe50747 2348 1189710930 1189710931 24151628 2054 33188
tests/data/reconstitute/missing_title.xml// 2c846ec2ba0363d049a7a7b285e362dcbabd5d01 148 1189710931 1189710931 24151888 2054 33188
tests/data/reconstitute/link_type.xml// bc77ed1a7f995c86f078d6fef3ec3a278b37995d 198 1189710931 1189710931 24151886 2054 33188
tests/data/filter/tmpl/planet_name.xml// fd4738ff824f71e3e62f9e1e88497686d06c921c 364 1189710931 1189710931 24151832 2054 33188
tests/data/filter/tmpl/feed_feed.ini// 6fafb3c8a6ccf1f305c529131078f29d541ef923 144 1189710931 1189710931 24151815 2054 33188
tests/data/reconstitute/source_id.xml// 6c4656c44ceea388454d0712f3a72881bb733521 177 1189710931 1189710931 24151903 2054 33188
themes/common/validate.html.xslt// 15398bb5dc4bea785d3602c4769f420d0dc70bac 5844 1189710931 1189710931 24151957 2054 33188
planet/__init__.py// 5722e8e14d76586a64384fd4ddd996b369ce8853 953 1189710931 1189710931 24151660 2054 33188
themes/genshi_fancy/planet.css// 942d83cad56d58d9f1c4c260bb9e71c664ccd16b 2049 1189710931 1189710931 24151971 2054 33188
examples/filters/guess-language/trigram.py// 061c6f139c16fdbb391d7810eb35c69c0f81f232 6545 1189710931 1189710931 24151637 2054 33188
tests/data/reconstitute/planet_name.xml// 5c48f20eb0557372290247fab73cd0eb3fd60ebf 233 1189710931 1189710931 24151890 2054 33188
filters/stripAd/yahoo.sed// 400687d1059545ea15e6aff9bf0358452b13f9cd 60 1189710931 1189710931 24151659 2054 33188
planet/vendor/html5lib/inputstream.py// d899f6624658c9c296a36825ce5c3a7acaa52b43 21604 1189710931 1189710931 24151689 2054 33188
tests/data/expunge/testfeed4.atom// d302663826ba7a26d187381c620f67d478f95114 246 1189710931 1189710931 24151780 2054 33188
planet/vendor/html5lib/filters/optionaltags.py// 654a9852ddbf8b11431272152863e5dc175b9473 8935 1189710931 1189710931 24151698 2054 33188
tests/data/filter/tmpl/rights.xml// 49e4b828a4dd1a45bd7a6596649e522dd7b8f844 203 1189710931 1189710931 24151834 2054 33188
tests/data/filter/regexp-sifter2.ini// 1caf16282207ae8da24c531cacaa7ce785609648 21 1189710931 1189710931 24151793 2054 33188
themes/common/images/foaf.png// abb0c0f3998c4520f8bed41831e65c852bcf01f8 1393 1189710931 1189710931 24151959 2054 33188
tests/data/reconstitute/id.xml// 48ffb1b95bd917b7f13690b3d9b9c123943996fb 177 1189710931 1189710931 24151878 2054 33188
themes/common/images/logo.png// bff805bf043a3c62de28bbd23287ee493e6e1c4a 5413 1189710931 1189710931 24151960 2054 33188
tests/data/filter/django/test.xml// b5e798cf3c9f5af419f8ac4d1e86f7a189413aa2 577 1189710931 1189710931 24151802 2054 33188
planet/vendor/html5lib/serializer/__init__.py// fd214232f86da42d2f01e129c12f693bdd70dc62 87 1189710931 1189710931 24151700 2054 33188
tests/data/reconstitute/link_rel.xml// b2a7b546a16d4b2af839884877a050a07551e15e 230 1189710931 1189710931 24151885 2054 33188
tests/test_themes.py// 072724a3f681b628ff58b884a8e07185e3c7b36c 1860 1189710931 1189710931 24151741 2054 33188
tests/data/filter/django/test.ini// 03ca307d1de3fd278e59690617bc3484decc2e5a 31 1189710931 1189710931 24151801 2054 33188
tests/data/config/rlist-csv.ini// 639f0887642621cb92e005d4d253a0010bbb76c9 145 1189710931 1189710931 24151762 2054 33188
tests/data/config/foaf-multiple.ini// d15bebc16fada4051acdd8aa7b44c536210f6aa4 599 1189710931 1189710931 24151757 2054 33188
tests/test_spider.py// efe734bc1eee301af89f1f111cd5d488c7905d6f 5856 1189710931 1189710931 24151738 2054 33188
tests/data/config/foaf.ini// 468a7a47c27cb7f14cec0e23192f85d145d38a0a 315 1189710931 1189710931 24151758 2054 33188
tests/data/reconstitute/contributor_uri.xml// f38d9a31bbfce3b26a2be003603947a50f81e595 260 1189710931 1189710931 24151872 2054 33188
tests/data/reconstitute/source_bozo.xml// f9483175bf5ce66dadb6734cb98fe78d3b7b0ddc 133 1189710931 1189710931 24151898 2054 33188
tests/data/apply/images/jdub.png// 90a80ffbf53621bcbaaca7f350d3aedf426aac7c 9814 1189710931 1189710931 24151751 2054 33188
tests/data/filter/tmpl/feed_owner_email.ini// 94762940327155a33dcf5923cddd3129e61102db 109 1189710931 1189710931 24151819 2054 33188
tests/data/reconstitute/id_only_title.xml// d7a35d26512b1504a6702568a57bbc1857bd1a7b 243 1189710931 1189710931 24151882 2054 33188
tests/data/spider/config.ini// 5e331c95bab957cf88d3dcdd162361049c4e9933 266 1189710931 1189710931 24151921 2054 33188
planet/vendor/html5lib/filters/_base.py// 67112408712664b99d82cc55cf569782a9ae2884 218 1189710931 1189710931 24151695 2054 33188
tests/data/filter/tmpl/new_date.xml// 1da3a0699f2a8fae7d46739816c410ab78d9a599 654 1189710931 1189710931 24151831 2054 33188
tests/data/filter/tmpl/source_rights.xml// 9f61cf8038c1384a6f9c4130d9c65998fabf0a6e 423 1189710931 1189710931 24151842 2054 33188
planet/vendor/compat_logging/handlers.py// f27b19e165707ef0da25930d4cc52be79bab7c0a 26291 1189710931 1189710931 24151685 2054 33188
tests/data/reconstitute/content_text.xml// a45d781e0fb1b9ed14642beda49e3c44765027fd 199 1189710931 1189710931 24151868 2054 33188
tests/data/filter/excerpt-lorem-ipsum.ini// eaf9e06e98ebd1c1d46bb2d9e98b36b74f04758c 89 1189710931 1189710931 24151787 2054 33188
tests/data/filter/tmpl/new_channel_date.xml// e472e219f5b6a532cc11f7d329fcc72be2009fe9 868 1189710931 1189710931 24151830 2054 33188
examples/foaf-based.ini// 2dec8a575b88df492963d4e86db14142261f0871 1216 1189710930 1189710931 24151625 2054 33188
tests/data/config/another.foaf// bd2f35b2c4adef82709a08ef53e444e2704840f9 1365 1189710931 1189710931 24151752 2054 33188
examples/images/edd.png// 973ae514cee10588ed2ab83bd1e33d31b3806318 9918 1189710931 1189710931 24151638 2054 33188
planet/vendor/html5lib/filters/lint.py// f712dcb0dce00f273e2b7a3ce40842f817b78ed8 4033 1189710931 1189710931 24151697 2054 33188
tests/data/filter/excerpt-images.ini// db044b400756941007fbc9a0647b60c2cf5af1da 55 1189710931 1189710931 24151784 2054 33188
tests/data/reconstitute/contributor_name.xml// a7bfc5c547cd1b15e1c9143618b9b707043dd1ab 228 1189710931 1189710931 24151871 2054 33188
tests/data/config/basic.ini// 3044b14f292020608151556ae730dd112c37fdd9 250 1189710931 1189710931 24151754 2054 33188
tests/data/filter/tmpl/id_only_content.xml// 0eb8b00d6d01878687af3ac17de59dcf1c18a0d2 288 1189710931 1189710931 24151822 2054 33188
tests/data/reconstitute/missing_item_pubDate.xml// f6444d0bd6bf718647f5068fa0ac9afe77daa715 270 1189710931 1189710931 24151887 2054 33188
tests/data/reconstitute/onlyguid.xml// b19af8c54af49b971509298fee759a705e6d697f 213 1189710931 1189710931 24151889 2054 33188
tests/data/reconstitute/dc_lang.xml// 5169381e043428b451666cf0148d1ceb14a35682 314 1189710931 1189710931 24151874 2054 33188
tests/data/reconstitute/source_updated.xml// ef6ad9a09d036ff379e0836927ea5b458682b373 270 1189710931 1189710931 24151910 2054 33188
themes/mobile/config.ini// c469915e68a95ff726320088b872a81008bbe18d 486 1189710931 1189710931 24151972 2054 33188
planet/shell/py.py// 830623664172d488243dbc5b1a077333d6898c42 536 1189710931 1189710931 24151675 2054 33188
docs/templates.html// a5b95233f2dd9ab297f5ab199836d1bb3039f232 14055 1189710930 1189710931 24151621 2054 33188
tests/data/filter/tmpl/link_href.xml// 4e0907dffa026ed1f9f4ec3d5d973ac84f76eb06 212 1189710931 1189710931 24151826 2054 33188
tests/data/filter/django/config.html.dj// 99e53756b13fb445771f6265610c15e25a1cbbf8 18 1189710931 1189710931 24151800 2054 33188
tests/test_config_csv.py// e9f48884b8fc2f97081bbcf1b3e69daade317762 672 1189710931 1189710931 24151724 2054 33188
tests/data/reconstitute/planet_name_source.xml// 818be257f57b286e2f2c9f2453d467e667f9db15 347 1189710931 1189710931 24151891 2054 33188
planet/vendor/portalocker.py// 895f60db4d4cee88266711d401a03e916ce7996a 2351 1189710931 1189710931 24151681 2054 33188
tests/data/apply/feed.xml// 70ab77c59314b74404c191943983dcd2cd304c26 15303 1189710931 1189710931 24151749 2054 33188
planet/vendor/html5lib/filters/__init__.py// da39a3ee5e6b4b0d3255bfef95601890afd80709 0 1189710931 1189710931 24151694 2054 33188
tests/data/filter/index.html// a64e0c0ddd2a5c30701dc6d39f4349d837748c8c 1129 1189710931 1189710931 24151789 2054 33188
